460 631 300
833 710 360
268 666 262
946 160 350
700 667 222
763 416 363
568 406 158
604 966 383
381 638 172
811 396 25
488 264 302
324 998 147
521 931 457
780 653 12
610 479 313
272 262 68
420 848 152
358 779 241
772 655 447
213 861 268
20 322 183
677 318 401
117 380 489
545 386 149
586 876 428
795 988 228
688 90 71
620 645 400
526 989 221
942 23 268
985 831 243
706 722 105
70 530 197
955 700 372
913 505 276
47 589 83
742 228 194
154 37 398
925 134 27
7 536 154
619 356 489
944 671 417
761 514 291
437 845 417
93 38 216
201 900 355
196 663 211
411 746 345
626 821 192
66 399 56
735 728 495
604 418 311
520 73 229
139 916 486
85 124 310
654 433 208
691 954 374
57 545 354
873 155 131
18 654 222
615 214 448
120 475 96
864 894 63
41 82 330
763 659 446
774 655 309
207 714 319
525 123 293
170 328 126
459 524 251
404 545 61
943 257 6
553 623 137
81 52 278
168 20 169
919 182 477
50 908 464
643 112 252
676 886 56
382 395 54
329 347 255
67 716 135
19 473 5
190 470 462
376 822 223
574 73 381
605 138 420
536 762 452
263 290 459
439 925 455
866 881 340
53 967 477
164 638 259
61 721 251
195 867 176
721 270 86
874 190 411
431 23 359
717 502 260
699 625 71
126 61 243
924 671 108
907 17 374
937 522 469
26 21 463
491 629 436
560 972 302
929 930 49
113 972 29
941 144 421
952 123 201
528 595 385
871 930 160
940 844 427
866 167 82
713 884 145
431 654 244
637 847 210
720 911 64
703 860 292
484 298 18
80 595 401
339 479 225
269 501 278
655 645 28
570 606 198
267 305 291
721 218 341
196 951 283
349 426 231
157 117 313
832 546 38
455 176 456
476 472 363
428 192 346
914 768 200
360 888 178
411 808 441
468 917 489
506 444 383
643 150 449
39 686 65
647 233 353
787 490 298
586 79 258
663 726 331
579 482 225
426 709 455
537 1 279
528 669 72
302 256 198
24 242 219
94 160 282
937 984 282
127 877 460
85 929 294
240 411 127
547 113 235
43 459 76
501 779 398
250 969 299
760 479 108
898 745 38
359 881 496
693 359 286
539 836 397
958 12 410
382 562 291
183 612 214
984 122 380
896 272 19
64 360 128
609 578 353
818 824 188
980 883 485
295 789 235
613 941 433
191 54 28
697 43 417
569 937 242
878 411 16
53 319 365
57 695 482
833 773 82
918 871 142
576 383 441
503 822 391
78 234 30
597 765 199
922 458 81
671 934 496
365 596 308
210 461 113
702 28 230
155 572 268
432 597 84
929 780 61
411 407 27
485 38 348
943 258 211
813 11 139
931 769 303
618 74 127
61 830 165
451 332 123
907 162 431
607 285 189
898 177 104
369 529 420
478 969 5
731 990 383
599 675 463
24 500 423
124 371 173
18 827 73
652 431 100
808 632 33
767 669 231
293 936 278
166 487 1
30 19 182
572 242 346
201 895 268
739 252 309
906 864 451
929 984 366
802 160 207
896 91 219
821 179 412
763 990 351
751 38 175
905 681 106
885 454 50
910 369 163
467 533 109
357 217 67
554 495 15
192 703 396
663 533 444
699 147 180
97 162 31
106 369 271
690 124 39
206 762 443
430 750 8
353 432 9
473 841 351
716 853 126
495 724 482
398 472 195
364 374 29
411 126 131
576 167 206
483 772 93
631 939 367
283 183 205
348 896 126
466 328 41
433 179 213
454 552 213
891 985 441
215 823 114
424 649 41
569 302 346
648 501 500
988 446 297
378 263 374
436 921 315
90 338 82
473 605 2
115 838 422
247 909 123
651 535 465
177 965 72
955 896 42
514 454 118
713 189 375
162 290 244
515 626 168
551 18 135
193 701 143
741 608 489
44 18 184
708 340 347
561 39 426
22 225 347
322 584 29
714 178 120
669 124 21
917 320 117
344 425 272
550 252 71
855 91 454
722 897 377
806 504 231
125 271 223
803 493 472
251 237 58
930 156 181
338 817 24
530 429 431
376 916 83
335 700 429
1000 623 462
613 607 362
118 855 169
601 790 100
879 809 335
465 223 464
514 306 294
471 657 272
505 619 415
442 266 10
789 154 326
70 734 476
889 607 247
829 504 157
773 962 66
464 518 443
396 479 340
874 16 148
77 780 193
768 577 486
538 478 349
940 274 396
135 356 139
288 972 385
477 613 219
368 953 344
177 400 82
750 17 114
901 438 83
368 639 357
534 673 182
905 839 340
613 794 201
909 495 334
630 987 211
947 26 59
584 547 197
504 994 179
345 585 63
17 755 147
492 279 64
103 40 137
173 603 412
723 907 54
438 742 472
950 338 220
967 495 269
33 156 270
76 74 416
897 872 109
410 657 139
692 198 414
108 688 437
986 946 315
458 683 466
610 985 177
921 385 333
869 516 422
542 434 395
772 465 279
360 711 127
440 932 311
390 52 64
802 272 401
360 967 490
610 726 467
624 890 308
660 115 387
673 342 31
547 397 339
442 16 380
116 346 61
551 773 126
730 382 266
423 148 500
418 971 256
636 44 116
670 78 57
676 715 238
843 379 3
772 857 109
340 496 392
335 166 55
526 672 185
529 947 9
419 755 466
204 685 282
705 970 321
738 702 58
100 162 22
187 111 356
285 554 443
463 602 141
769 44 20
717 463 232
407 301 120
372 851 95
714 479 180
561 627 329
949 384 231
139 462 404
87 566 11
671 165 225
450 997 384
854 96 373
472 688 224
840 152 387
244 922 415
983 997 128
100 420 164
575 132 174
493 858 419
970 740 40
962 955 4
873 836 176
70 687 356
51 484 104
655 155 169
368 766 159
299 940 401
417 291 35
763 494 392
747 778 320
384 254 252
959 575 267
599 494 419
291 263 241
217 902 289
769 40 399
220 210 303
790 564 364
15 881 481
152 12 215
358 923 399
650 313 453
642 371 370
132 934 497
486 950 311
919 344 125
6 952 163
618 670 127
950 429 313
97 20 253
360 231 399
649 204 494
385 718 337
751 641 244
725 572 68
615 459 407
970 306 410
342 315 410
797 782 172
521 57 149
961 168 411
385 857 145
318 388 90
260 902 116
122 48 275
178 247 92
713 89 324
872 627 112
680 939 252
686 271 481
848 549 448
860 184 168
693 934 332
34 46 305
191 811 245
665 562 290
114 806 217
166 832 482
113 637 214
635 195 274
33 121 185
41 390 75
255 546 239
970 879 289
238 455 70
293 566 399
557 227 182
887 358 33
932 11 368
312 88 346
583 525 33
137 41 435
305 642 446
505 521 117
183 242 178
360 200 374
756 843 259
519 228 62
751 541 177
809 584 189
254 119 60
589 80 86
443 199 396
699 329 97
856 981 243
518 709 258
236 498 265
969 912 458
793 297 227
764 942 338
335 476 336
180 752 332
348 774 87
276 765 301
218 749 71
301 882 94
160 627 347
314 698 272
159 546 437
741 767 197
991 341 211
607 849 221
779 361 320
655 865 249
80 294 356
867 220 146
520 778 16
460 720 281
966 174 251
672 522 72
290 429 199
902 396 290
816 555 81
620 749 119
39 326 466
367 796 88
340 532 45
592 841 300
294 143 374
380 639 265
669 544 457
162 195 350
87 339 280
660 384 251
206 923 126
476 4 380
800 892 345
885 336 14
103 244 28
736 510 446
323 414 298
691 404 393
348 822 233
165 524 153
591 747 498
650 105 480
69 806 95
134 7 81
247 333 480
315 279 295
462 605 326
978 842 199
357 205 178
443 222 399
905 563 157
367 672 441
582 461 215
773 722 395
610 158 140
468 581 178
410 402 184
758 651 440
530 11 474
880 803 150
60 561 358
432 215 154
998 809 488
304 803 285
670 236 41
361 716 349
274 458 207
87 1 126
147 302 116
653 765 95
874 594 99
952 242 413
781 652 462
201 416 198
210 643 35
335 48 371
215 373 382
926 346 14
335 611 294
883 839 53
1000 680 166
908 249 410
517 492 274
481 226 465
435 841 1
816 695 241
749 328 488
588 737 122
140 631 361
773 337 404
837 716 476
572 781 174
596 820 348
826 685 23
822 76 32
814 548 24
839 558 462
727 82 306
529 949 360
974 652 141
675 71 183
689 725 431
695 384 242
714 166 225
333 241 446
237 294 407
764 153 307
287 1000 316
316 576 135
805 417 137
127 734 479
585 491 34
997 487 334
176 778 59
266 972 33
415 638 488
64 244 136
600 584 46
718 361 304
149 755 311
237 63 384
650 24 64
975 598 279
548 694 184
603 148 122
185 299 269
919 400 309
631 376 181
759 624 31
326 59 281
133 937 363
39 205 162
776 171 374
889 58 246
291 283 128
371 616 335
447 155 413
659 261 278
801 533 469
680 378 224
265 122 372
870 813 258
228 326 360
615 148 276
794 231 68
202 493 433
405 774 61
84 669 400
964 950 381
919 709 72
608 89 281
974 572 52
336 32 23
95 407 6
508 828 96
436 529 253
900 477 359
822 179 237
194 201 317
770 732 475
79 947 34
790 383 85
875 396 248
4 412 460
972 63 447
258 877 217
437 633 191
549 59 376
945 828 284
912 193 289
535 404 213
762 901 139
561 885 313
598 697 420
29 213 213
85 750 398
874 10 399
618 560 210
678 778 448
571 532 241
478 284 94
758 263 45
925 292 283
763 20 488
149 170 301
563 624 214
124 28 123
764 637 124
269 768 8
21 263 51
595 769 107
967 726 352
494 821 147
460 326 77
29 629 224
502 820 251
832 955 432
501 298 204
111 93 48
694 606 46
59 721 46
43 164 172
338 709 460
863 929 290
558 817 477
623 770 463
645 21 416
30 619 171
859 391 338
859 40 184
343 645 348
810 246 28
665 696 297
501 188 199
289 236 351
827 116 472
95 853 414
414 597 62
208 871 186
986 630 323
877 301 230
543 936 456
657 259 371
972 238 455
742 92 451
176 897 295
945 287 28
462 6 107
781 528 212
741 316 76
946 151 300
896 559 446
114 555 155
119 626 120
103 983 433
516 766 438
784 805 482
127 362 453
22 824 94
838 903 253
613 344 86
329 206 325
631 535 460
753 328 44
237 167 349
73 608 322
656 543 301
603 731 402
936 773 188
232 899 406
816 834 145
40 889 159
381 45 408
178 325 61
243 67 490
181 560 408
685 953 183
239 872 256
696 36 315
427 120 471
523 290 74
114 810 128
792 912 281
740 852 178
182 262 315
864 523 246
278 605 318
645 387 85
604 290 45
507 536 132
731 355 36
385 449 240
581 995 79
304 819 299
308 315 210
641 33 84
331 635 104
919 2 113
388 876 34
820 985 205
30 396 332
970 63 68
498 261 19
717 92 84
687 741 332
594 315 479
484 280 254
260 535 460
725 529 458
553 339 400
420 804 355
478 704 499
60 38 343
295 910 178
514 818 207
824 416 61
533 142 499
976 566 129
616 785 385
144 700 368
417 71 217
749 256 235
934 794 29
205 367 333
876 125 274
714 544 349
829 628 225
475 541 171
154 618 483
528 582 499
965 29 488
536 743 253
617 143 495
177 57 387
14 398 195
174 532 454
781 554 41
975 672 69
271 923 474
79 778 455
381 662 423
795 283 435
401 572 57
585 867 301
725 74 389
227 803 34
290 747 307
945 479 413
375 350 127
881 517 134
335 984 319
359 678 289
680 257 93
294 707 322
639 821 266
250 155 376
447 675 495
825 496 38
913 142 245
663 835 485
194 537 208
208 26 2
381 458 193
584 853 285
789 544 375
597 96 71
971 102 461
606 965 321
174 863 50
570 317 455
880 977 50
121 2 206
266 546 393
664 677 404
217 728 381
559 54 171
957 38 256
322 722 325
831 494 289
968 438 318
450 699 57
575 697 492
64 624 275
314 533 476
67 436 353
651 749 439
822 183 128
492 438 177
52 376 346
722 792 399
822 37 219
378 166 107
316 788 396
625 397 246
769 855 479
904 150 287
54 531 396
530 35 203
258 959 245
167 206 42
910 555 127
624 317 441
782 773 190
217 974 131
45 868 500
205 969 461
291 545 60
668 968 63
445 461 156
853 814 188
515 657 427
66 889 480
366 477 456
961 587 95
199 892 267
124 80 479
518 44 493
145 114 399
737 856 324
877 178 70
386 265 151
49 854 324
969 156 47
67 316 217
116 963 480
604 366 437
503 228 263
719 476 2
961 142 284
138 932 52
180 765 432
52 599 273
72 739 488
253 669 375
47 203 494
910 802 312
670 946 366
528 774 220
215 28 167
356 745 187
767 712 439
92 105 6
589 822 323
796 263 360
153 920 181
297 964 272
34 741 63
490 216 155
969 659 410
858 891 268
158 415 436
31 629 128
810 125 236
286 6 45
917 777 463
594 672 329
840 190 280
223 164 263
661 290 381
86 480 51
689 562 383
384 813 188
867 946 95
904 68 258
884 595 97
887 301 380
984 449 341
708 801 300
467 251 82
264 421 171
545 797 306
394 62 405
752 695 400
392 186 425
964 27 402
663 364 123
619 841 7
816 11 232
98 206 456
305 414 456
59 824 372
223 547 476
406 9 455
925 399 324
974 642 70
80 39 228
165 818 56
445 643 463
714 927 280
243 541 16
550 419 149
831 462 37
287 853 198
718 976 272
154 61 45
800 429 454
26 144 243
521 887 493
716 165 216
736 21 410
534 298 43
834 55 392
747 855 499
894 203 301
318 663 450
563 641 25
327 716 434
216 426 290
269 869 371
265 463 45
560 471 177
713 475 224
134 858 385
661 918 174
815 150 130
440 763 23
397 899 399
798 304 393
155 269 279
270 630 466
840 730 423
51 443 98
660 327 170
622 704 28
423 49 113
436 486 241
576 119 159
76 263 171
327 666 240
735 48 407
172 724 201
323 664 256
782 805 263
759 689 84
18 346 210
904 617 361
47 348 281
941 21 269
812 237 81
64 539 70
843 140 159
170 454 469
596 221 325
320 808 357
85 524 118
752 197 217
679 608 75
156 917 485
359 793 177
244 149 310
964 493 384
635 533 313
271 652 343
619 208 331
44 348 410
382 449 46
697 289 435
955 580 459
463 296 30
881 92 160
957 244 415
706 105 41
233 602 456
518 652 474
181 339 246
637 756 434
55 912 379
476 20 119
678 809 197
220 890 381
511 379 98
711 990 220
206 668 403
8 878 200
81 929 82
11 699 161
329 542 243
652 106 455
993 295 150
960 791 335
810 511 127
50 43 52
382 461 312
116 986 83
271 628 330
688 458 489
858 481 190
38 670 456
306 898 307
966 648 45
79 285 68
165 77 215
763 609 116
287 241 319
914 296 97
664 751 353
150 963 169
816 364 98
158 964 112
637 667 416
115 376 367
269 905 487
301 106 226
656 277 198
476 402 121
609 402 131
44 810 268
131 515 245
530 913 291
834 239 218
256 726 411
802 457 468
711 754 146
598 820 173
947 103 91
349 930 101
483 180 488
873 826 358
325 776 226
738 334 432
933 513 467
56 10 493
534 741 387
981 41 104
133 366 317
766 229 248
331 126 372
331 989 6
368 899 483
552 66 322
881 225 406
168 9 158
208 405 72
923 409 67
239 610 140
582 152 77
162 57 297
916 319 361
169 630 325
655 258 416
96 252 16
820 555 255
608 212 492
634 57 131
557 320 173
791 305 294
41 515 133
612 134 213
953 155 294
288 126 385
328 670 146
909 618 133
277 988 254
703 768 280
937 272 54
955 554 331
734 351 362
889 464 191
670 630 154
209 826 445
725 882 128
872 822 38
907 372 298
372 758 480
174 672 76
3 677 153
307 623 207
604 357 357
828 355 293
850 585 423
627 139 284
887 447 472
389 948 164
25 768 159
195 770 137
411 160 173
530 591 115
369 280 269
279 636 455
785 663 294
98 703 345
255 104 198
594 169 313
819 313 46
592 36 431
632 329 76
910 723 399
638 856 21
195 599 64
652 83 413
414 454 242
378 871 266
260 198 58
91 826 488
817 336 306
346 800 452
419 656 14
46 226 454
202 813 384
794 134 415
57 675 353
550 614 289
839 838 144
649 34 380
200 95 379
884 740 276
787 989 426
633 781 94
266 622 400
514 473 288
740 652 54
807 969 261
650 912 72
697 109 262
956 306 292
988 745 428
881 574 20
657 755 316
294 516 376
532 313 220
535 823 377
795 236 180
982 402 152
946 2 384
152 196 173
378 582 197
723 338 231
611 817 25
961 342 357
588 163 153
311 297 48
851 118 484
331 731 107
92 472 447
457 909 83
407 462 233
543 344 281
405 31 276
169 316 150
577 235 372
838 494 26
294 925 170
524 809 61
227 795 79
188 449 338
92 820 264
782 982 214
743 587 297
538 718 162
887 472 334
209 556 349
367 497 90
828 786 196
282 944 297
190 745 347
660 159 123
5 529 332
369 209 324
883 975 57
489 563 292
575 878 245
330 755 189
191 72 127
465 644 263
584 524 233
594 287 272
879 669 269
176 914 278
577 326 438
114 26 85
60 942 101
191 955 101
224 706 228
999 21 260
237 2 376
834 613 290
269 937 383
278 706 125
828 988 345
209 414 157
79 611 83
586 787 188
409 385 254
970 215 312
45 198 300
875 238 267
648 868 354
474 795 472
36 957 190
695 149 185
151 468 424
551 657 69
631 696 66
692 191 332
169 528 426
758 78 136
863 603 79
984 432 403
671 141 302
853 67 147
724 283 240
370 922 104
731 666 162
859 729 301
754 146 192
901 872 13
468 935 122
599 533 492
448 44 348
386 233 139
869 866 215
796 646 498
438 901 193
732 467 256
675 66 66
311 124 261
900 539 8
574 39 379
828 519 334
191 875 213
144 188 281
53 998 319
547 36 56
558 740 327
982 858 148
268 943 360
190 631 96
369 10 180
601 30 169
328 26 460
442 778 383
243 118 4
474 943 171
495 29 189
257 108 254
845 165 186
269 37 433
659 505 94
825 38 142
576 968 105
324 476 242
895 859 11
503 480 356
807 682 208
660 166 351
17 174 147
473 51 103
340 675 207
465 636 137
538 102 227
281 949 294
562 219 16
808 510 54
310 355 82
269 459 100
262 416 320
734 288 116
98 969 442
74 476 443
257 457 355
136 76 263
358 144 417
809 682 319
750 654 211
667 476 411
776 745 113
805 897 238
967 447 232
652 607 422
385 373 400
745 688 171
922 299 450
275 872 182
882 751 61
504 220 360
657 836 384
584 855 143
177 454 474
389 981 273
15 113 491
966 666 402
894 651 18
23 546 127
167 623 97
341 777 132
692 564 394
979 628 133
621 490 447
495 285 409
699 272 468
993 902 334
231 272 310
6 389 432
521 363 275
360 852 289
916 377 319
767 610 134
374 928 367
265 868 69
96 209 423
783 737 295
768 68 91
295 592 488
193 864 260
627 617 414
990 258 388
733 190 476
244 887 168
209 45 55
235 113 285
424 436 403
839 250 52
476 355 16
588 481 16
738 909 19
769 71 301
860 443 125
47 2 238
664 665 110
716 801 240
929 322 291
930 82 231
330 370 475
676 187 95
543 273 107
115 908 315
133 451 468
539 232 322
445 172 488
156 69 453
682 311 122
816 594 227
823 905 308
747 180 284
274 706 175
459 402 273
507 824 206
191 290 466
909 181 73
283 673 30
425 203 259
298 836 144
520 255 192
679 828 93
486 112 302
355 667 232
750 71 130
673 301 375
511 69 30
691 196 247
459 380 222
799 698 72
960 890 47
548 204 380
650 947 195
533 433 240
195 512 55
15 421 371
227 398 113
296 501 243
743 736 313
28 141 145
262 610 277
230 623 449
691 105 495
454 941 268
460 1 50
289 523 350
412 222 458
393 897 316
94 194 216
454 527 257
337 112 48
507 523 170
280 780 179
305 516 340
227 163 393
919 869 20
977 877 408
878 501 16
546 825 204
853 918 28
724 533 2
366 128 180
180 740 211
443 899 240
279 650 9
356 517 285
13 574 288
667 17 445
414 47 282
571 811 401
25 734 14
191 441 191
82 476 293
473 877 388
664 645 155
389 595 298
181 552 227
576 28 421
640 766 100
933 665 162
574 975 324
71 585 118
929 456 361
450 127 132
453 490 30
481 148 296
155 503 287
982 237 218
583 585 62
660 168 110
595 680 300
957 899 211
21 32 487
985 659 171
650 454 312
470 772 248
42 497 289
792 107 354
517 249 415
430 634 195
330 181 120
675 879 102
37 617 363
520 531 206
910 561 188
309 453 219
587 810 391
379 232 493
507 58 147
307 22 22
844 715 69
242 792 39
11 25 66
125 662 164
925 554 180
199 767 126
175 737 380
484 449 244
162 260 488
631 114 178
510 487 184
611 489 408
188 190 157
176 951 65
613 692 248
460 250 18
802 620 496
595 274 97
249 32 60
334 96 3
767 786 181
850 436 490
315 147 41
180 899 202
590 262 359
267 477 233
769 737 48
703 588 54
971 398 266
905 30 159
349 353 196
422 202 280
327 111 164
681 839 360
172 452 362
511 292 209
500 91 298
845 843 279
127 704 144
206 764 91
385 981 383
461 444 486
422 390 476
580 379 123
801 158 393
955 953 456
696 578 290
217 984 365
662 973 28
226 277 160
551 617 421
553 994 380
924 536 162
15 166 95
13 5 260
52 754 185
384 119 33
619 514 254
307 16 402
975 574 113
229 481 317
142 736 327
38 794 166
129 378 358
34 711 8
319 788 187
765 750 470
319 893 321
155 954 160
370 798 360
139 557 5
664 370 471
670 347 361
120 812 97
970 941 405
395 790 15
827 722 106
465 419 344
651 779 254
817 650 49
553 141 424
839 920 242
335 560 196
804 58 425
794 327 310
760 738 365
332 653 130
479 289 448
525 977 332
475 599 244
283 466 264
380 34 233
55 337 483
292 893 111
803 364 145
486 970 190
634 350 75
821 418 442
528 450 184
118 643 313
610 13 153
631 630 16
806 298 458
802 718 273
301 752 426
30 196 140
647 991 203
122 327 317
978 779 83
816 690 73
901 210 293
653 406 168
367 253 53
861 46 184
151 984 306
205 447 405
587 882 172
912 584 272
936 394 404
381 354 484
498 883 53
591 20 406
919 953 474
828 712 9
104 524 353
783 724 22
628 96 101
855 23 88
31 825 223
920 35 350
696 474 136
452 273 85
69 581 269
952 184 172
537 735 380
468 323 49
248 144 378
228 48 19
95 32 304
218 72 170
263 759 318
517 903 256
508 849 140
30 146 243
606 558 92
126 184 367
104 145 121
224 923 423
187 126 285
386 666 249
932 179 331
811 485 337
725 357 350
366 216 344
791 239 89
781 320 262
587 981 160
461 880 418
807 844 95
759 130 107
44 510 276
78 526 476
654 669 373
890 71 304
587 353 216
395 57 106
175 211 348
959 413 280
526 330 6
471 754 153
839 331 461
326 602 168
141 151 433
808 201 117
289 443 470
768 671 180
191 13 267
983 749 146
40 936 492
299 234 313
623 123 323
936 395 326
605 741 86
17 731 474
960 349 102
54 362 361
61 685 156
282 257 102
207 129 38
339 589 453
390 391 269
314 892 332
17 701 7
442 401 118
929 46 173
100 208 168
492 122 44
511 866 454
440 59 306
169 359 464
634 827 365
455 296 40
575 821 335
496 998 59
731 792 342
782 471 229
757 161 103
130 660 268
476 180 360
645 950 499
211 241 466
167 723 230
754 56 83
805 345 345
507 547 379
950 914 269
384 56 216
872 70 379
214 382 47
634 208 113
969 502 402
217 845 94
261 621 65
202 167 404
124 736 245
798 85 448
281 987 371
750 264 61
979 971 124
271 406 122
220 836 29
508 554 279
446 426 265
25 470 209
297 660 232
99 38 97
657 653 114
474 451 353
396 474 497
169 561 402
415 301 68
953 791 295
30 13 249
375 235 31
857 832 97
885 279 301
823 323 124
324 63 38
975 784 385
749 834 306
959 671 219
291 781 37
365 195 72
793 618 165
966 374 18
506 69 41
363 41 455
10 777 16
133 8 114
266 574 142
635 722 181
425 346 114
493 362 105
109 943 391
919 162 161
727 672 101
148 853 339
852 901 47
169 34 433
639 115 143
311 174 253
354 887 100
470 805 489
618 923 220
587 237 496
737 905 436
326 884 213
529 93 14
288 179 175
875 500 341
291 301 444
757 58 487
346 463 274
337 750 119
595 34 224
424 562 490
534 646 82
265 813 449
724 991 230
63 47 159
81 403 141
895 243 451
449 634 178
759 725 435
551 386 375
847 485 301
296 104 38
352 154 367
216 319 478
994 219 455
841 146 124
292 867 402
301 97 377
734 551 454
49 985 10
216 796 213
73 716 475
560 284 400
425 758 13
635 493 444
724 760 286
833 471 473
214 621 169
868 812 190
72 391 236
28 169 255
600 933 322
107 580 498
356 143 184
260 46 266
856 298 223
184 541 268
76 7 3
112 891 258
812 345 307
861 78 289
447 879 379
949 669 143
821 791 32
174 645 453
183 986 117
296 658 470
644 167 10
939 443 471
25 834 369
261 418 307
886 37 6
401 197 268
148 790 227
485 696 112
409 926 183
414 965 87
728 833 156
413 138 69
825 353 280
780 316 138
70 771 500
634 692 491
536 537 230
664 300 245
680 884 478
642 116 129
252 536 155
549 289 124
234 643 42
795 728 362
450 383 345
229 22 310
168 126 331
415 655 430
320 493 141
547 268 100
596 50 284
3 552 121
296 423 440
243 391 64
766 425 86
251 423 308
887 455 220
158 114 438
817 420 47
389 603 69
577 723 41
736 197 178
460 622 269
618 18 377
849 924 224
640 925 480
505 924 227
770 574 101
613 882 160
933 595 119
483 120 91
659 180 438
157 656 201
713 680 200
608 749 443
386 766 159
313 963 461
675 349 241
336 395 290
304 897 183
866 399 38
361 196 443
605 153 17
279 553 472
689 438 392
676 915 177
740 168 354
11 861 433
974 860 107
848 91 142
987 732 62
795 895 332
236 785 409
233 758 377
741 290 344
771 429 309
139 158 404
409 999 374
771 401 436
76 653 409
638 153 352
281 523 438
900 121 134
104 377 87
332 172 69
270 928 229
793 520 344
824 109 193
517 788 188
278 319 152
993 631 222
982 701 180
731 539 312
782 67 354
903 540 352
465 449 331
596 366 495
616 685 135
568 569 330
922 136 360
538 400 73
99 262 402
591 904 492
84 849 433
785 399 100
701 490 236
935 148 299
265 980 380
412 799 3
807 219 140
232 136 97
274 339 430
460 613 437
75 104 62
293 217 402
188 721 231
459 834 237
790 492 71
871 95 276
990 265 179
267 483 456
799 441 264
682 134 79
587 664 82
871 568 440
423 395 63
175 632 10
45 811 149
20 699 284
464 954 105
599 166 61
744 512 147
705 645 434
177 571 114
150 819 441
679 880 433
371 85 162
898 433 281
162 928 271
846 197 288
745 865 74
758 65 33
33 880 50
191 935 55
752 908 282
371 281 333
733 749 225
238 474 382
816 451 424
842 204 364
834 221 368
604 484 25
129 786 417
976 39 230
961 598 50
492 383 147
998 323 174
492 813 256
722 241 203
113 366 185
254 987 456
80 195 20
12 660 183
87 894 20
219 614 47
262 51 68
952 690 47
84 290 127
507 685 442
68 145 91
783 752 169
782 177 324
450 576 58
865 74 167
43 81 299
561 245 306
868 64 456
363 331 78
929 937 132
89 109 180
165 574 380
390 487 55
974 13 173
488 397 371
479 70 347
895 738 191
745 306 397
473 192 440
855 914 179
428 995 18
672 200 132
481 758 98
662 153 310
708 739 353
798 23 89
573 673 74
347 663 120
37 424 285
115 333 424
261 94 41
266 435 247
912 114 203
776 577 500
862 734 474
42 327 225
795 736 198
659 439 480
152 790 43
298 791 109
112 225 137
130 603 269
974 258 258
751 819 242
239 598 412
115 445 275
933 795 325
234 237 145
963 98 104
969 729 21
155 267 95
496 576 138
350 282 442
827 783 44
42 625 375
405 459 47
704 786 300
103 349 40
442 949 327
65 343 157
596 677 484
55 319 154
635 617 80
501 594 365
266 495 115
870 352 355
286 435 33
830 221 134
851 718 288
652 451 191
427 925 45
673 764 446
842 440 65
727 51 256
810 432 396
974 287 82
577 166 238
474 831 238
417 800 435
386 923 428
7 382 409
214 941 473
597 601 434
201 828 72
272 819 239
586 636 15
431 954 177
773 209 160
129 639 303
200 444 332
736 672 4
468 69 177
989 247 28
720 694 290
173 656 422
949 974 111
198 840 21
882 499 142
368 185 378
16 771 385
280 607 408
461 894 173
728 281 108
156 827 386
107 10 304
698 479 162
868 124 84
880 200 138
61 342 364
35 126 269
835 869 272
514 405 173
706 33 499
511 393 482
965 414 405
913 12 440
380 625 138
874 461 325
46 345 272
286 269 19
958 255 348
99 502 232
378 413 226
406 727 166
974 113 470
54 532 308
898 995 239
423 730 80
798 98 257
288 746 318
433 349 279
375 693 469
804 930 393
142 715 439
929 324 119
18 988 92
883 611 446
682 683 300
144 419 217
576 101 399
514 488 489
313 76 479
900 272 87
591 753 352
597 713 105
114 698 213
583 22 401
439 814 489
487 956 316
9 769 212
151 59 423
916 810 135
898 377 205
913 354 166
460 115 54
763 562 135
227 797 117
845 471 20
313 620 333
559 526 154
549 953 316
124 309 114
165 843 246
685 267 10
844 284 263
689 63 253
857 408 370
312 687 394
774 283 214
877 148 156
124 731 308
327 953 463
235 518 93
994 616 175
713 815 330
327 227 331
931 672 391
702 126 452
655 190 272
672 32 474
363 245 130
775 474 406
474 852 402
374 14 113
872 631 140
493 678 434
741 985 347
747 172 166
270 710 134
640 565 348
392 784 218
5 614 462
650 50 23
823 471 110
309 88 399
784 420 290
390 816 486
959 396 93
807 840 318
711 574 316
378 506 225
388 139 180
599 940 453
473 137 11
193 694 211
893 914 332
179 450 52
492 420 441
361 954 484
891 188 44
516 617 458
55 4 45
523 385 183
511 114 17
164 69 10
23 871 199
700 701 142
988 945 300
189 981 178
905 91 43
866 178 184
551 319 296
56 132 159
921 617 451
706 8 326
118 661 325
609 100 312
961 592 141
165 850 263
176 657 270
304 944 399
816 489 347
74 121 487
5 367 322
611 652 262
865 285 328
471 440 396
985 619 228
681 281 333
10 457 467
565 620 270
525 215 21
941 761 202
73 540 87
806 99 200
2 560 217
725 442 27
305 678 420
155 139 372
662 674 220
965 189 148
440 699 393
971 586 353
295 620 213
299 675 34
340 326 438
724 398 86
78 94 442
692 603 72
154 116 267
784 370 345
897 182 135
132 997 433
27 530 4
656 391 101
995 98 406
552 890 206
258 273 446
764 155 214
895 864 83
780 532 179
751 725 449
849 242 32
70 453 436
120 750 477
295 459 334
388 795 92
624 369 436
952 143 276
840 627 4
183 518 347
220 35 33
561 850 153
103 545 444
346 709 313
451 859 306
230 408 239
123 611 175
78 907 53
695 936 207
519 683 202
907 313 445
1 234 195
775 625 55
851 727 482
221 993 147
789 52 381
625 386 329
453 818 54
906 337 226
301 470 382
894 872 181
417 92 68
26 417 494
202 298 166
568 468 115
571 253 103
933 728 104
87 781 350
642 561 352
422 797 147
374 153 393
427 198 73
783 425 416
162 361 116
570 487 119
671 86 231
291 100 419
264 800 103
63 34 6
130 570 485
243 939 412
266 427 332
737 763 16
723 26 52
878 569 320
634 881 486
847 574 323
236 5 32
124 268 472
312 177 285
274 388 348
250 873 474
298 859 500
823 254 72
492 192 415
195 834 403
836 773 265
253 551 58
914 493 465
944 975 129
400 241 62
187 431 95
523 901 381
549 285 495
322 863 377
529 424 194
969 621 176
697 188 387
260 372 150
650 800 289
415 225 85
623 1000 150
371 284 235
338 321 419
331 714 390
882 616 421
739 191 498
805 990 313
237 330 430
757 40 401
552 989 337
132 314 296
641 682 460
501 450 246
302 574 56
236 605 71
908 236 202
800 112 422
322 499 414
532 395 416
176 773 178
404 302 337
564 291 21
863 3 473
708 197 434
648 564 54
892 859 462
895 297 334
516 53 74
586 749 352
277 11 243
444 859 382
504 109 198
11 983 191
323 438 421
839 603 203
594 399 176
333 730 2
373 102 377
639 248 75
241 924 475
242 632 293
329 685 49
979 563 492
588 614 33
761 239 26
897 821 113
611 227 147
637 663 162
303 461 497
156 63 31
735 439 199
336 932 440
562 382 418
927 553 384
788 456 206
644 79 151
395 424 405
570 378 408
997 763 242
911 942 26
232 915 415
79 297 235
980 308 209
282 490 6
321 171 207
502 142 179
563 625 131
747 239 365
84 853 455
822 124 404
398 569 278
82 771 375
600 162 461
897 849 9
623 602 239
255 427 305
735 253 232
352 423 489
931 712 265
771 308 493
235 239 47
263 724 438
194 640 495
368 979 123
79 18 331
907 148 461
114 6 454
821 246 487
928 475 381
531 930 307
181 330 167
425 836 194
887 994 48
470 275 394
682 637 434
50 927 52
429 789 389
2 147 8
588 185 58
333 272 131
289 730 31
193 297 275
32 267 174
31 796 249
39 704 348
494 987 303
952 707 329
583 225 16
224 75 268
603 109 205
796 998 193
380 839 52
619 774 148
303 280 372
464 184 217
17 783 446
515 580 463
636 486 496
609 965 354
731 241 443
632 871 449
257 327 63
912 828 488
174 127 73
585 611 171
994 557 171
558 474 490
902 506 168
931 350 265
541 859 321
942 875 189
804 580 58
466 608 21
408 71 497
476 135 487
974 148 360
327 622 416
803 434 112
806 200 486
280 220 32
756 233 364
104 639 40
233 692 155
255 520 496
68 540 351
22 330 430
271 682 463
685 872 497
127 449 265
542 839 170
747 219 480
933 257 187
938 188 200
244 892 251
763 623 70
816 807 441
124 223 281
26 133 173
792 310 76
790 976 280
106 140 53
557 493 455
668 526 189
685 876 423
591 86 196
265 75 145
387 564 377
199 633 22
239 597 450
869 132 296
231 786 121
530 423 128
112 944 173
323 9 57
592 195 441
725 418 371
429 509 268
800 364 57
397 292 192
852 92 276
815 199 71
168 955 362
18 93 304
810 83 139
447 427 427
750 973 235
943 32 403
464 406 86
909 593 219
341 174 215
323 298 120
289 790 245
873 956 214
10 309 229
148 663 321
686 278 70
501 999 42
965 381 40
587 18 351
485 690 199
937 656 318
201 368 87
692 308 240
603 115 87
663 815 149
201 481 254
658 840 215
194 63 321
926 774 484
793 706 444
342 116 54
65 667 199
955 820 358
560 110 66
703 207 386
132 792 34
385 492 233
376 292 489
90 494 477
187 358 229
840 456 167
497 716 216
842 242 202
688 833 302
468 618 210
241 693 423
86 470 96
455 504 446
530 20 289
430 247 60
222 36 434
818 474 217
913 255 395
962 781 58
565 316 371
797 896 451
778 770 137
99 338 351
719 429 389
233 526 204
1000 603 387
789 740 213
428 103 302
988 310 298
49 774 438
806 779 62
254 530 13
796 862 200
177 835 174
953 803 464
902 759 317
544 487 465
910 145 146
867 715 56
980 501 51
308 345 482
760 36 265
706 850 476
203 834 469
630 676 312
820 224 166
653 499 113
932 290 226
111 988 238
753 79 375
119 985 389
109 850 219
719 65 74
223 281 214
37 950 24
675 510 246
946 461 60
165 16 126
309 812 350
70 151 358
76 516 175
433 760 56
645 936 91
510 989 199
99 713 58
512 875 412
511 101 458
141 791 433
725 709 148
833 801 427
875 250 431
890 614 249
986 320 179
471 750 122
154 402 368
270 503 16
96 186 70
430 571 211
799 780 496
42 359 96
532 357 422
2 313 205
928 369 454
786 605 275
305 198 298
123 259 196
16 394 397
657 297 346
903 721 480
206 773 116
428 838 328
627 752 153
696 430 131
2 172 315
217 456 454
587 772 143
200 274 335
638 653 307
625 333 85
230 64 81
148 859 215
695 595 147
158 309 478
164 898 222
690 558 54
251 915 204
123 948 123
583 607 308
838 364 121
76 167 423
174 166 90
559 422 370
641 398 154
282 261 407
807 607 320
476 77 402
695 449 23
911 162 142
156 343 433
842 497 227
911 875 141
686 738 494
495 334 194
374 942 370
321 518 69
833 82 1
833 638 428
959 891 46
675 452 181
898 542 84
567 271 93
849 161 179
526 394 195
598 63 358
136 449 138
435 766 287
504 827 50
170 51 197
985 87 395
711 526 211
639 671 281
999 980 276
581 639 180
135 834 482
566 400 362
239 843 77
691 958 2
579 458 367
415 207 166
760 121 496
827 245 383
28 709 171
611 523 447
279 463 470
438 66 287
663 171 180
237 442 403
708 765 278
322 55 300
10 482 78
83 663 153
540 131 99
743 20 440
322 244 312
874 489 16
808 72 423
646 642 449
674 329 500
482 17 196
140 963 136
662 360 178
563 424 424
831 825 100
99 666 454
600 559 364
393 59 484
111 361 337
694 812 466
691 360 281
891 591 399
756 489 181
778 383 106
964 156 36
663 198 369
161 63 357
205 516 289
871 915 64
529 878 304
699 930 454
75 986 82
282 248 492
257 192 314
617 941 397
400 108 257
363 590 433
267 613 310
44 321 399
282 779 459
828 110 345
366 482 191
267 116 344
686 232 403
950 973 443
94 530 244
220 708 168
772 605 304
453 646 187
484 542 431
426 97 141
101 969 29
511 895 201
331 679 202
409 505 268
767 378 338
992 142 249
217 60 308
44 705 494
740 273 453
513 941 297
929 313 188
779 215 17
118 393 468
164 421 431
133 295 243
94 177 294
433 942 129
834 472 344
171 858 88
547 225 279
622 203 33
456 925 340
232 957 413
214 241 24
612 162 39
305 848 203
23 985 362
232 520 109
876 818 235
455 966 372
770 95 413
833 623 243
753 943 168
296 634 213
605 565 193
835 61 278
901 808 244
53 921 357
370 863 141
860 115 203
102 870 441
191 322 330
69 835 181
973 558 372
866 664 75
506 894 72
967 146 213
724 961 476
817 179 131
880 499 386
173 909 441
122 175 49
11 203 427
158 630 156
25 242 250
569 504 362
716 678 470
654 336 154
180 208 209
860 287 334
482 93 422
891 495 298
187 692 246
6 955 485
121 373 110
723 345 137
902 726 496
996 334 354
165 276 379
18 333 203
654 679 297
25 26 132
74 262 121
243 861 40
806 686 364
920 512 275
994 244 246
843 962 100
692 634 489
71 564 312
143 262 192
164 831 202
117 766 290
917 428 264
320 884 86
951 150 381
938 527 429
216 266 413
601 702 203
393 581 55
960 219 315
556 621 498
727 57 65
971 60 447
149 602 297
724 1000 157
734 140 148
197 674 229
86 11 192
95 935 283
78 95 12
479 551 411
548 341 113
412 706 417
455 428 346
414 515 107
423 160 289
190 196 406
735 190 464
891 126 38
346 760 177
843 633 261
12 453 39
912 356 267
511 893 25
698 406 109
968 393 232
135 573 368
327 139 289
57 149 143
950 833 178
60 880 335
252 388 267
483 312 468
110 706 270
120 37 340
733 225 41
457 10 236
789 925 270
679 599 237
432 325 439
491 223 247
926 988 435
344 629 126
134 340 206
565 891 376
566 737 165
982 855 310
539 444 183
170 41 438
585 932 169
858 464 406
213 709 183
552 571 137
418 58 401
840 881 88
748 471 426
539 135 164
796 340 97
187 118 440
148 846 18
587 718 109
173 544 28
768 970 400
665 378 493
281 44 97
276 702 313
87 594 129
495 704 314
57 450 92
854 901 279
731 6 172
432 564 187
725 499 286
964 933 343
952 500 44
831 371 303
880 758 457
245 805 480
422 996 247
439 457 31
665 865 86
846 799 398
739 38 264
382 827 484
392 113 162
347 201 308
100 456 257
736 835 352
22 492 152
476 19 183
44 282 458
93 891 48
142 436 90
495 866 90
736 809 2
1000 372 109
813 139 111
309 874 470
233 81 355
620 921 79
397 291 237
111 528 421
208 790 368
171 76 286
300 14 257
32 893 237
335 98 324
727 685 414
131 410 56
233 179 99
893 106 372
623 817 274
579 177 47
756 154 257
268 657 230
871 586 166
248 876 439
295 564 171
988 696 412
944 389 191
551 494 121
107 176 213
577 219 90
159 459 299
426 224 235
468 494 26
503 294 317
968 922 174
10 431 173
480 222 397
798 340 400
737 824 450
792 528 230
119 2 201
16 967 421
76 483 412
272 780 165
938 246 267
442 507 197
936 363 71
108 744 197
159 176 347
159 447 28
197 774 145
395 865 163
938 38 324
779 564 299
7 711 234
535 501 395
97 665 52
349 750 67
917 12 90
478 858 364
979 472 62
11 238 139
591 718 25
680 326 436
340 190 24
775 861 47
643 565 314
52 259 191
575 729 474
851 55 219
412 472 380
273 838 465
519 534 376
872 82 324
609 144 223
47 587 116
163 485 460
380 238 106
858 889 237
379 797 430
988 527 180
522 447 9
643 311 203
462 725 332
413 551 70
114 299 46
72 142 45
861 421 86
864 296 348
140 12 150
898 787 16
382 545 19
204 411 282
899 84 175
53 469 280
926 367 282
926 313 92
614 461 25
230 781 181
587 796 290
544 84 410
324 851 2
414 266 419
590 898 16
92 192 322
96 489 114
471 154 208
1 580 332
126 862 349
563 970 225
334 521 497
522 775 195
455 800 193
364 77 310
335 31 195
5 668 481
450 390 215
812 163 234
73 83 458
461 28 380
788 404 488
482 52 213
626 869 81
685 672 467
168 799 72
549 102 445
773 641 489
259 378 45
505 617 85
13 380 21
132 31 303
171 693 427
964 485 125
338 700 77
643 299 35
66 134 276
179 917 488
257 479 151
841 143 46
490 933 136
553 100 20
923 528 263
950 352 230
255 559 187
961 41 215
345 830 68
578 622 97
468 500 299
16 372 342
289 196 252
198 706 103
820 856 162
275 212 406
641 494 432
224 717 153
982 427 459
681 615 119
425 407 25
873 104 46
38 828 64
801 505 204
251 360 205
821 200 424
439 117 290
252 853 144
726 568 330
821 387 240
97 712 413
91 255 96
907 586 475
851 369 166
332 234 143
355 325 361
707 617 182
805 899 41
807 672 177
910 586 286
100 877 374
978 382 47
11 4 394
967 519 370
110 355 275
21 37 451
306 522 269
470 955 122
854 599 363
325 231 469
800 409 172
418 108 315
74 963 133
270 37 455
232 539 89
334 228 149
337 698 310
543 913 157
841 932 273
650 593 160
608 840 477
860 57 477
818 516 172
185 269 329
1000 491 359
107 632 22
948 685 440
535 659 478
970 858 371
622 133 394
709 980 317
322 950 129
937 424 57
68 487 342
538 477 73
27 919 132
449 819 237
104 884 206
235 206 99
780 962 291
811 523 293
829 257 309
68 840 250
478 707 33
362 821 167
113 389 89
166 754 439
807 402 199
691 570 67
218 92 393
366 553 170
559 645 401
106 634 250
778 285 369
691 850 345
899 748 479
867 145 295
253 514 500
280 323 323
904 649 236
890 388 321
881 334 110
530 778 215
809 986 480
297 7 424
817 294 208
966 441 78
944 5 114
920 944 328
677 546 446
435 755 207
177 105 359
984 437 360
916 255 210
353 142 117
366 937 495
260 915 227
914 579 390
35 807 472
345 800 206
323 528 25
944 71 72
397 509 297
800 494 286
10 913 183
77 776 134
433 600 423
504 999 327
105 777 55
759 733 353
996 534 77
173 759 69
254 25 239
82 116 163
827 508 202
16 213 44
851 982 92
684 892 453
226 517 183
456 101 26
452 251 380
985 196 357
537 385 73
318 779 131
140 630 493
986 871 330
284 647 390
923 294 420
566 28 483
371 623 483
383 593 262
421 953 25
200 42 449
331 686 249
86 778 220
372 542 335
457 4 37
46 693 169
165 834 73
541 934 342
908 791 210
492 620 66
650 334 456
704 360 370
985 547 37
192 527 425
42 265 321
485 71 294
307 528 298
605 354 480
139 395 31
295 339 249
709 268 51
465 719 442
558 780 22
601 380 25
462 450 446
818 866 409
819 3 478
624 891 184
575 87 470
218 665 243
866 592 162
831 652 331
54 265 155
333 146 124
654 778 89
576 340 280
408 189 10
585 649 36
443 154 320
49 164 52
247 214 55
891 957 295
345 56 78
143 78 260
64 841 51
389 973 456
943 340 431
206 641 73
72 407 219
29 244 174
818 347 223
466 393 126
225 148 79
660 142 329
169 891 277
884 850 54
878 696 480
799 127 355
974 808 257
525 992 172
147 197 200
241 2 134
573 899 499
867 224 376
396 8 52
460 585 52
793 592 54
622 780 43
222 146 200
170 113 411
393 388 121
100 104 417
7 673 38
376 178 290
620 637 297
297 841 204
276 357 168
678 747 154
302 969 3
325 946 58
111 287 4
957 204 199
733 413 42
244 896 387
405 682 35
909 659 33
396 402 433
607 279 335
139 563 390
963 823 198
443 583 258
725 212 311
471 47 180
179 277 347
291 884 375
900 758 91
774 393 124
630 364 360
112 157 484
312 327 459
577 898 444
961 13 352
85 907 133
850 748 360
41 430 3
73 913 6
428 784 375
800 229 477
552 155 109
838 738 121
513 346 226
165 481 115
927 888 461
160 161 29
532 366 397
396 438 131
686 466 82
133 198 38
310 552 45
402 841 470
230 663 353
479 111 422
52 553 192
105 241 430
284 907 280
106 503 493
69 688 172
928 381 259
552 311 373
836 83 73
948 542 117
500 792 386
318 709 401
83 878 148
128 33 272
426 480 146
958 506 404
892 335 163
273 378 6
100 946 298
646 249 499
974 492 342
59 789 387
666 240 402
809 149 320
339 930 413
532 93 346
337 64 150
125 313 39
670 503 488
354 778 459
558 297 179
280 119 380
696 674 184
43 783 290
60 154 313
303 265 430
351 276 266
401 547 371
29 683 469
140 622 101
689 995 49
353 726 182
962 532 437
555 748 243
459 114 410
725 615 493
48 135 418
443 962 497
604 640 150
671 371 260
943 743 104
369 448 394
715 413 370
786 674 302
386 311 456
563 160 149
183 901 235
106 467 141
523 456 262
787 38 316
115 773 353
377 740 401
661 351 65
648 126 129
451 717 132
308 617 44
572 273 282
592 988 148
156 509 21
110 589 497
194 504 287
821 484 30
816 443 252
453 998 113
971 270 473
745 558 434
482 66 226
321 960 73
184 280 393
991 33 122
563 462 103
354 871 33
52 814 12
686 606 396
325 875 174
818 51 133
814 600 233
988 428 315
603 656 446
855 604 123
326 849 401
535 872 60
187 967 152
311 670 471
654 234 366
862 721 333
781 151 364
686 252 418
153 666 457
82 951 366
759 1 142
797 727 394
388 464 496
300 140 383
841 459 3
819 845 287
169 982 75
78 85 268
992 122 447
603 190 132
218 971 88
404 401 444
62 94 437
782 489 341
428 494 21
208 155 438
314 122 208
232 432 490
383 266 202
247 94 81
677 627 480
181 402 13
481 655 68
331 384 168
515 775 330
257 968 215
958 885 382
114 721 29
59 699 211
879 209 389
189 243 346
716 433 246
911 645 156
543 759 365
131 542 100
727 631 375
370 446 355
340 35 372
254 145 316
788 108 230
752 584 339
70 421 263
106 885 140
466 703 111
880 379 494
740 691 353
151 259 275
398 774 312
943 531 40
732 140 80
510 53 4
816 693 20
84 191 112
30 901 200
890 655 444
450 620 479
551 291 319
730 988 353
99 971 459
60 39 213
911 198 161
273 892 107
457 462 127
186 387 180
730 98 74
145 434 96
584 57 330
727 749 384
70 751 300
462 739 352
72 626 365
516 387 22
428 766 175
741 68 264
867 95 269
106 397 456
631 781 197
12 244 217
393 792 455
530 814 419
593 695 157
899 945 139
703 992 389
552 490 238
468 348 471
80 30 200
126 608 243
583 445 60
989 699 241
734 996 365
608 523 348
201 944 466
324 410 357
472 524 81
408 495 482
47 901 67
248 937 164
540 139 243
896 67 173
32 734 63
817 854 27
427 528 284
563 881 328
259 465 363
175 180 251
565 198 422
26 331 350
45 941 71
397 986 59
339 884 451
693 276 294
769 518 280
287 496 300
365 636 22
790 155 490
209 62 100
93 819 336
899 120 486
100 782 453
336 667 361
691 401 425
605 405 34
140 428 314
902 260 483
257 617 469
578 845 176
318 420 400
169 851 442
876 377 280
817 832 390
228 407 193
423 387 3
524 720 294
606 744 409
691 366 175
151 465 24
88 591 406
149 424 459
618 938 42
630 291 216
939 187 284
243 9 328
703 866 114
186 337 423
813 432 449
66 610 113
895 158 227
475 324 60
849 922 120
602 607 122
908 54 91
251 364 41
133 205 26
36 299 392
988 220 174
192 387 122
27 538 336
113 473 316
908 770 431
2 330 116
730 797 382
168 54 440
228 296 324
34 100 263
748 652 467
147 607 179
369 145 268
597 922 366
1000 102 354
187 821 167
716 21 115
989 665 454
223 499 386
109 660 171
140 188 237
144 736 331
338 589 172
528 892 337
242 598 439
950 99 295
45 624 334
651 858 404
969 463 64
322 882 244
430 395 156
425 17 347
89 860 450
602 822 270
546 371 157
220 876 288
948 619 281
548 389 468
142 138 388
755 576 372
283 655 115
778 964 221
342 820 342
676 778 77
443 43 184
15 836 324
98 82 89
696 623 265
287 161 190
456 17 166
667 146 262
602 697 304
948 104 444
416 518 342
673 9 417
288 490 116
953 697 158
453 553 375
296 442 2
239 992 56
479 889 27
131 855 241
449 953 278
896 704 213
985 188 30
886 896 219
829 723 256
640 710 68
450 44 367
566 828 492
650 227 453
991 16 168
363 766 41
750 693 240
914 601 110
842 58 221
243 667 19
283 475 105
625 636 111
278 877 187
923 660 11
359 877 323
346 811 170
226 501 407
678 727 281
603 861 329
348 645 185
849 717 67
302 946 492
557 15 472
81 215 308
957 330 500
775 600 67
772 214 343
725 686 226
510 345 495
468 808 362
264 456 285
510 988 478
129 876 250
487 857 275
326 680 400
704 824 192
645 49 316
437 13 295
657 851 325
739 755 46
649 683 143
178 715 365
176 386 9
250 646 207
854 20 205
248 443 435
570 531 230
606 713 18
793 921 60
989 899 317
337 154 106
96 117 50
667 126 121
937 560 5
233 815 430
323 792 262
789 742 495
831 684 85
795 850 104
713 282 136
765 62 212
187 791 77
789 164 316
599 467 371
901 356 218
836 239 108
619 200 8
211 425 218
39 909 338
84 939 442
997 990 409
31 771 14
304 220 423
586 253 221
397 22 19
802 23 267
522 5 94
128 859 235
554 796 403
73 42 108
446 578 354
76 413 400
397 750 166
779 78 384
349 800 49
354 783 268
564 952 84
995 425 396
525 523 52
880 195 337
416 675 337
363 737 444
42 741 123
980 744 414
695 391 77
931 812 34
73 130 298
237 892 277
656 114 31
904 97 89
499 184 387
682 863 135
983 351 43
861 842 213
246 34 137
151 396 434
16 462 279
718 668 458
815 999 234
775 796 434
251 22 255
297 22 265
483 105 34
191 452 129
451 779 488
760 168 62
46 482 488
740 714 346
534 204 342
281 374 144
794 882 117
198 559 150
898 419 387
294 819 100
295 261 55
516 704 409
608 421 321
876 645 180
559 515 496
296 139 269
627 783 296
767 924 332
937 806 45
497 895 386
628 121 212
577 375 143
950 31 14
63 227 267
401 256 47
446 236 336
269 94 11
603 654 13
965 500 196
219 754 404
349 960 293
562 3 266
911 856 201
356 299 13
981 92 140
568 80 488
48 278 222
108 770 329
729 641 493
159 658 200
820 763 386
973 832 395
772 230 164
33 436 73
736 501 388
924 462 149
853 576 331
514 910 136
150 146 182
402 829 240
461 180 300
13 532 491
359 142 185
340 517 44
419 11 3
509 600 298
363 518 384
624 819 72
366 879 54
669 100 12
675 91 484
215 801 162
679 502 402
537 909 356
454 395 177
277 859 438
200 188 33
809 365 235
582 544 164
791 690 39
428 87 254
37 881 187
417 506 427
30 73 389
432 214 192
989 460 467
223 44 71
893 176 457
318 468 237
537 97 112
822 729 184
28 972 150
166 533 344
747 706 66
941 368 101
368 942 310
821 486 442
233 642 497
391 935 468
839 853 357
586 419 495
670 46 45
887 555 119
566 675 112
399 988 492
753 477 19
79 499 15
729 523 257
958 922 284
252 489 279
543 390 182
365 255 52
403 762 125
642 753 266
686 317 471
355 540 448
979 933 233
401 660 262
939 670 385
856 904 62
790 932 251
172 307 437
595 651 235
701 957 59
376 223 321
435 179 81
778 404 245
717 245 223
707 589 49
989 245 457
952 696 269
224 955 51
568 545 192
257 807 106
480 955 243
904 733 96
836 399 377
729 402 114
281 40 378
884 574 266
803 419 62
442 411 128
540 48 275
75 870 255
519 41 77
812 489 139
522 457 52
94 539 255
122 62 71
574 552 236
559 180 86
375 18 181
425 620 267
119 790 211
904 463 57
703 708 149
447 738 422
231 810 461
872 745 157
94 125 343
114 194 290
752 495 24
186 226 378
491 91 94
349 820 302
420 644 446
914 174 305
359 578 226
143 654 39
658 366 210
119 364 351
574 312 393
915 62 270
253 135 244
613 575 352
832 540 222
854 986 58
146 922 309
359 758 305
416 64 321
1 831 256
550 515 282
816 378 231
41 455 286
222 430 118
955 240 477
977 827 168
936 511 373
210 670 467
876 866 463
667 48 452
93 674 79
55 101 306
511 176 52
367 498 291
759 200 460
25 791 464
785 429 87
433 202 486
921 192 234
854 207 185
946 855 195
61 822 281
656 34 155
396 87 83
799 235 43
558 690 284
783 844 276
656 128 437
502 732 380
545 683 96
314 668 408
489 754 329
934 896 186
284 916 26
24 166 391
585 982 434
235 346 144
152 178 196
359 242 257
978 402 479
703 689 8
774 337 336
983 404 204
379 741 334
418 805 346
86 475 461
473 807 7
467 417 361
207 152 411
618 87 148
407 969 111
170 35 254
966 452 420
910 970 346
455 671 246
898 282 231
538 863 34
892 654 138
571 543 75
88 61 242
217 600 109
356 859 223
851 721 332
459 137 354
394 688 199
280 532 419
955 602 398
989 264 327
353 950 464
696 720 253
865 317 136
949 282 125
458 254 306
243 353 295
541 887 204
984 638 444
591 644 85
86 623 191
54 201 69
947 926 9
802 843 438
644 416 191
114 546 37
326 533 74
513 759 95
778 121 56
315 990 260
11 291 339
460 435 77
396 592 252
266 819 454
825 901 499
533 366 31
975 274 105
526 217 107
788 58 269
91 689 379
955 86 445
925 197 363
950 213 29
325 365 374
314 770 48
629 18 495
185 869 434
191 83 201
668 372 142
323 114 288
124 789 358
147 597 248
481 901 206
955 299 256
341 818 292
597 476 288
274 259 489
772 985 330
789 341 89
73 457 146
949 961 323
323 45 17
908 316 51
449 640 231
381 503 250
639 512 136
453 469 367
365 408 167
197 553 189
1000 366 287
560 303 372
467 831 385
497 104 342
136 504 304
529 151 192
727 693 181
501 241 250
998 401 371
130 710 133
353 189 305
371 243 486
560 764 376
750 653 192
430 403 396
230 628 306
745 40 309
60 841 367
530 305 472
503 843 411
672 213 10
649 364 336
87 569 47
350 108 174
144 678 70
787 493 93
356 110 76
790 640 32
261 538 345
760 777 2
161 514 71
113 329 92
995 399 213
348 743 481
433 672 103
67 269 448
116 310 476
5 209 75
279 361 388
930 630 245
942 446 216
310 781 381
715 315 344
335 386 404
448 505 164
253 176 50
838 427 113
536 895 465
557 358 90
931 567 66
282 508 500
296 547 177
305 502 343
533 1 129
68 714 272
416 649 151
58 917 344
159 450 340
627 41 462
881 953 224
887 948 51
7 332 64
968 991 486
765 646 116
861 307 27
35 172 147
621 299 276
871 127 104
578 409 488
903 1 320
41 135 100
827 409 496
15 737 15
508 265 338
548 837 344
180 87 92
752 218 104
381 327 378
594 286 21
177 412 223
787 628 135
42 782 428
611 643 347
135 827 396
50 659 55
85 340 219
474 125 84
176 628 390
175 716 357
149 8 21
569 869 441
219 428 313
758 913 221
97 502 159
90 5 176
876 47 163
112 379 260
21 101 133
41 464 492
631 539 437
62 324 110
74 966 33
115 233 477
294 146 311
779 838 372
925 852 211
298 443 152
276 875 250
674 957 315
499 881 15
811 328 494
633 774 363
121 870 318
174 125 408
28 788 229
205 875 78
27 844 145
873 920 90
282 33 450
201 166 55
50 315 190
7 531 333
118 525 78
140 179 197
746 714 132
50 455 258
482 678 96
740 693 390
973 655 369
167 287 93
862 686 27
506 532 373
275 950 2
88 230 69
160 851 33
322 605 155
204 838 412
111 592 237
727 564 183
42 303 8
925 8 157
882 452 482
174 526 146
160 490 252
605 840 168
384 109 328
121 158 500
504 782 57
933 412 432
800 788 341
53 385 195
226 679 74
949 441 189
950 825 150
170 296 428
355 196 336
787 370 155
30 832 270
355 91 206
600 622 57
903 745 24
458 998 134
576 883 335
701 253 143
292 326 199
396 124 438
822 734 17
319 378 310
763 489 320
848 960 420
953 316 156
270 852 46
130 431 237
511 597 190
488 308 237
179 372 484
529 797 412
991 380 358
48 582 117
416 436 280
43 568 56
805 307 177
560 357 2
416 642 141
917 118 301
190 20 73
277 289 88
955 22 109
398 456 333
197 914 119
27 210 169
898 9 435
404 966 455
688 236 423
76 541 77
839 598 22
407 388 488
869 194 500
845 179 78
886 731 376
253 773 435
549 700 99
700 245 148
30 801 311
329 543 377
614 819 58
786 948 245
859 666 72
494 425 483
595 859 106
688 852 386
240 396 56
432 219 30
151 515 419
324 72 75
852 156 35
95 163 88
134 328 417
403 105 172
563 904 138
965 751 265
928 140 416
587 337 342
313 595 491
967 365 15
510 868 16
247 825 394
181 849 485
149 404 203
316 821 31
76 934 435
376 139 96
445 180 195
310 698 485
968 869 494
722 295 103
259 227 361
607 680 96
311 94 62
86 653 280
486 280 230
391 467 158
194 316 467
135 202 46
115 814 103
24 180 374
420 75 484
3 72 479
915 163 37
571 605 373
566 246 430
85 380 138
755 513 251
600 140 162
572 61 26
550 16 412
766 512 285
766 383 214
812 798 160
880 23 315
954 736 130
882 983 412
226 797 436
913 564 378
211 552 390
626 620 200
919 903 65
836 368 335
669 877 66
111 594 156
703 458 333
590 146 406
452 140 137
150 901 352
878 447 36
58 320 229
357 33 97
281 367 251
73 51 6
802 99 278
98 768 320
827 340 212
545 764 182
567 192 322
348 271 67
723 228 256
388 434 8
708 616 351
225 999 428
420 131 460
204 326 357
966 773 377
616 844 219
355 807 436
221 930 369
412 601 242
477 475 313
339 896 447
578 353 267
281 377 19
171 157 462
122 53 171
720 587 79
923 325 444
701 164 403
787 356 137
382 921 195
125 367 358
33 117 69
538 857 298
372 988 303
221 443 460
792 174 392
198 214 373
371 207 492
743 623 390
555 815 119
548 172 322
122 708 73
644 402 306
448 10 53
431 771 486
114 437 495
570 371 228
642 647 29
566 415 260
129 21 346
193 174 180
981 557 108
446 354 62
210 148 2
723 672 286
819 334 291
598 172 208
148 340 444
902 805 423
446 793 336
848 574 106
73 324 14
517 959 352
594 774 82
217 817 368
326 410 133
389 12 283
617 61 306
155 767 393
912 50 224
545 454 167
360 603 191
660 206 490
511 60 96
395 271 68
12 208 119
563 678 334
472 84 109
503 522 210
334 322 1
356 978 320
195 538 302
665 60 217
97 955 174
459 495 88
626 174 274
605 689 178
607 602 93
241 404 36
940 73 223
967 897 263
150 112 291
183 569 497
653 908 263
968 242 229
586 725 213
727 608 182
317 647 279
11 322 453
834 637 331
795 321 372
4 913 426
181 300 424
398 268 396
706 328 133
668 737 494
101 281 408
134 879 150
456 95 77
344 772 358
971 664 308
12 324 300
579 814 334
868 969 179
278 520 406
599 930 176
969 872 415
188 310 104
313 467 193
959 653 434
255 679 290
671 441 219
427 247 279
173 780 387
961 761 383
243 123 182
605 302 194
237 210 351
774 599 43
976 711 412
378 888 57
951 479 301
678 687 105
426 504 60
224 485 291
76 666 147
538 716 141
983 496 136
168 55 57
376 794 128
194 321 269
739 523 130
807 491 487
96 425 412
750 33 213
128 716 378
912 502 2
301 714 368
715 717 332
471 444 498
480 8 80
258 90 380
464 942 88
757 914 186
839 890 390
286 141 360
484 530 123
705 483 198
939 999 206
808 615 124
924 801 336
832 634 380
402 676 328
262 706 403
119 86 457
178 407 401
32 297 275
64 418 53
661 170 333
236 149 32
79 653 31
756 848 77
222 298 114
766 616 228
329 751 381
758 147 392
280 204 487
155 344 220
901 796 240
905 378 100
636 674 127
177 195 236
161 443 438
629 779 439
133 226 68
201 210 202
633 461 239
518 316 150
140 512 483
536 347 204
904 827 81
269 929 25
977 17 385
797 133 248
968 465 429
522 142 40
733 824 313
537 312 329
256 197 79
211 482 39
358 530 265
839 414 214
101 949 92
35 294 376
266 175 235
168 146 432
718 581 245
934 457 309
826 781 463
969 69 112
827 556 245
889 548 161
491 266 200
121 329 300
110 996 232
432 939 269
661 376 195
887 625 267
29 544 436
365 95 93
393 848 184
525 385 452
477 439 416
220 766 483
24 269 79
515 690 6
749 868 327
668 681 63
833 69 324
683 687 347
125 291 174
933 315 453
877 989 399
570 986 42
44 446 9
378 960 211
218 528 454
367 912 284
395 297 304
652 929 47
213 564 442
218 824 179
378 221 314
884 645 189
796 851 124
559 974 485
28 334 267
568 276 491
561 713 8
833 910 2
656 864 326
291 82 376
14 847 326
335 656 110
758 738 56
512 764 56
461 982 41
983 909 115
269 393 244
591 214 223
705 665 394
507 285 1
683 653 412
565 598 160
41 24 254
835 548 418
153 483 277
17 195 104
100 374 459
255 436 21
265 306 409
623 683 297
627 187 118
216 922 174
94 626 108
110 270 285
685 288 241
279 130 382
93 646 453
305 146 7
719 643 314
832 537 109
776 588 53
65 381 456
99 630 284
446 90 88
758 589 80
932 825 74
253 278 286
83 936 97
42 187 17
351 993 196
82 699 261
379 55 122
91 31 374
200 431 468
58 445 229
716 768 232
547 794 238
783 977 447
152 537 232
229 824 217
939 317 367
113 758 288
632 785 306
77 107 35
29 646 97
545 6 131
611 558 387
855 160 117
442 580 52
352 572 382
804 375 218
384 126 491
331 42 180
433 823 47
999 904 253
968 202 414
336 755 81
64 432 161
618 936 310
857 161 179
659 128 314
779 435 380
390 584 112
346 284 80
354 382 315
222 415 494
618 357 12
779 580 129
783 239 124
795 342 198
312 176 403
875 547 495
692 484 395
310 107 283
76 940 114
368 53 281
525 109 68
29 96 476
103 277 84
268 967 7
146 711 125
491 723 400
552 492 479
113 639 356
240 89 198
562 758 412
747 901 435
754 950 400
269 260 399
213 186 319
444 413 262
875 232 70
33 701 2
159 432 396
971 273 145
321 624 447
95 761 113
858 45 135
257 229 47
84 957 22
748 377 136
789 251 183
977 143 317
421 419 250
686 98 39
345 355 113
352 807 308
993 260 439
821 942 15
59 545 400
879 955 331
168 744 25
169 174 17
779 23 391
6 825 438
25 375 224
645 663 277
170 63 82
115 544 493
852 321 272
346 304 421
149 845 461
949 245 196
459 72 212
978 280 205
945 48 345
622 976 52
534 903 329
946 473 417
55 915 253
154 83 148
289 640 38
102 832 8
875 725 162
862 179 377
344 456 386
774 508 137
627 900 467
632 184 497
934 696 480
761 193 309
754 760 38
815 201 352
508 359 343
417 846 259
818 358 313
234 843 379
212 844 198
183 847 306
854 206 489
848 224 410
741 593 453
189 435 363
961 224 280
635 606 465
589 911 277
302 520 188
155 707 162
491 711 264
453 44 424
793 116 262
645 68 181
508 334 72
20 669 30
876 649 183
934 379 1
183 937 211
785 411 77
896 934 473
101 877 206
266 408 288
419 661 290
469 546 83
815 379 291
423 20 304
782 609 463
867 527 63
41 132 72
191 60 417
701 326 241
598 11 282
774 307 143
276 871 427
561 66 250
725 103 416
358 401 80
763 474 411
629 773 43
294 381 447
753 102 306
955 526 57
10 604 221
520 35 404
462 231 60
759 94 271
841 609 5
612 92 294
163 451 127
874 48 104
356 854 204
514 748 232
556 670 54
690 440 48
983 644 322
649 448 4
360 850 156
868 77 343
282 457 321
981 29 61
91 831 153
445 699 226
190 998 303
170 94 438
33 932 194
965 847 328
473 851 157
874 55 126
630 664 10
554 555 30
417 599 308
146 670 432
167 780 480
21 68 185
771 855 463
719 461 342
776 993 237
577 196 227
569 204 201
94 667 466
65 721 185
744 548 394
134 476 428
223 874 176
681 399 495
32 554 447
765 436 84
261 636 113
872 988 466
629 631 219
396 206 40
552 627 433
660 9 453
18 498 17
476 434 195
874 848 32
970 412 101
407 506 32
329 897 403
144 854 181
781 258 419
265 235 259
913 751 447
748 828 124
487 863 13
147 252 93
614 257 323
141 7 239
922 43 462
47 204 491
479 612 257
927 607 454
606 92 171
177 931 8
480 106 8
236 488 242
837 881 49
164 337 231
579 603 291
817 459 156
671 769 35
675 759 365
423 539 278
544 463 330
438 359 146
201 720 31
118 581 463
23 300 317
89 641 26
20 111 336
709 956 437
244 419 440
980 172 103
774 932 407
116 620 112
106 103 10
962 274 205
97 824 482
189 59 84
692 795 19
183 261 262
278 131 458
137 886 438
373 399 470
901 599 330
231 300 29
328 947 63
718 71 212
533 15 153
228 323 101
846 575 256
555 953 441
276 799 85
612 783 85
640 660 280
744 816 58
869 911 341
181 662 305
446 325 66
189 828 48
276 774 1
876 519 344
185 510 325
961 179 249
934 923 332
592 644 494
122 802 338
238 765 130
699 82 496
736 330 145
557 482 363
37 468 371
884 196 379
2 260 4
961 527 386
385 531 124
225 199 40
403 308 427
553 122 303
189 505 448
517 403 281
224 912 474
649 152 60
996 733 150
880 180 58
276 86 452
635 318 351
